 127 
   342.5    -0.5     0.1250     0.8750
   342.5    -0.5     0.1250     0.8750
   342.5    -0.5     0.1250     0.8750
   342.5    -0.5     0.1250     0.8750
   342.5    -0.5     0.1250     0.8750
   342.5    -0.5     0.1250     0.8750
   342.5    -0.5     0.1250     0.8750
   342.5    -0.5     0.1250     0.8750
   342.5    -0.5     0.1250     0.8750
   342.5    -0.5     0.1250     0.8750
   342.5    -0.5     0.1250     0.8750
   342.5    -0.5     0.1250     0.8750
   342.5    -0.5     0.1250     0.8750
   342.5    -0.5     0.1250     0.8750
   342.5    -0.5     0.1250     0.8750
   342.5    -0.5     0.1250     0.8750
   342.5    -0.5     0.1250     0.8750
   342.5    -0.5     0.1250     0.8750
   342.5    -0.5     0.1250     0.8750
   342.5    -0.5     0.1250     0.8750
   342.5    -0.5     0.1250     0.8750
   342.5    -0.5     0.1250     0.8750
   342.5    -0.5     0.1250     0.8750
   342.5    -0.5     0.1250     0.8750
   342.5    -0.5     0.1250     0.8750
   342.5    -0.5     0.1250     0.8750
   342.5    -0.5     0.1250     0.8750
   342.5    -0.5     0.1250     0.8750
   342.5    -0.5     0.1250     0.8750
   342.5    -0.5     0.1250     0.8750
   342.5    -0.5     0.1250     0.8750
   342.5    -0.5     0.1250     0.8750
   342.5    -0.5     0.1250     0.8750
   342.5    -0.5     0.1250     0.8750
   342.5    -0.5     0.1250     0.8750
   342.5    -0.5     0.1250     0.8750
   342.5    -0.5     0.1250     0.8750
   342.5    -0.5     0.1250     0.8750
   342.5    -0.5     0.1250     0.8750
   342.5    -0.5     0.1250     0.8750
   342.5    -0.5     0.1250     0.8750
   342.5    -0.5     0.1250     0.8750
   342.5    -0.5     0.1250     0.8750
   342.5    -0.5     0.1250     0.8750
   342.5    -0.5     0.1250     0.8750
   342.5    -0.5     0.1250     0.8750
   342.5    -0.5     0.1250     0.8750
   342.5    -0.5     0.1250     0.8750
   342.5    -0.5     0.1250     0.8750
   342.5    -0.5     0.1250     0.8750
   342.5    -0.5     0.1250     0.8750
   342.5    -0.5     0.1250     0.8750
   342.5    -0.5     0.1250     0.8750
   342.5    -0.5     0.1250     0.8750
   342.5    -0.5     0.1250     0.8750
   342.5    -0.5     0.1250     0.8750
   342.5    -0.5     0.1250     0.8750
   342.5    -0.5     0.1250     0.8750
   342.5    -0.5     0.1250     0.8750
   342.5    -0.5     0.1250     0.8750
   342.5    -0.5     0.1250     0.8750
   342.5    -0.5     0.1250     0.8750
   342.5    -0.5     0.1250     0.8750
   342.5    -0.5     0.1250     0.8750
   342.5    -0.5     0.1250     0.8750
   342.5    -0.5     0.1250     0.8750
   342.5    -0.5     0.1250     0.8750
   342.5    -0.5     0.1250     0.8750
   342.5    -0.5     0.1250     0.8750
   342.5    -0.5     0.1250     0.8750
   342.5    -0.5     0.1250     0.8750
   342.5    -0.5     0.1250     0.8750
   342.5    -0.5     0.1250     0.8750
   342.5    -0.5     0.1250     0.8750
   342.5    -0.5     0.1250     0.8750
   342.5    -0.5     0.1250     0.8750
   342.5    -0.5     0.1250     0.8750
   342.5    -0.5     0.1250     0.8750
   342.5    -0.5     0.1250     0.8750
   342.5    -0.5     0.1250     0.8750
   342.5    -0.5     0.1250     0.8750
   342.5    -0.5     0.1250     0.8750
   342.5    -0.5     0.1250     0.8750
   342.5    -0.5     0.1250     0.8750
   342.5    -0.5     0.1250     0.8750
   342.5    -0.5     0.1250     0.8750
   342.5    -0.5     0.1250     0.8750
   342.5    -0.5     0.1250     0.8750
   342.5    -0.5     0.1250     0.8750
   342.5    -0.5     0.1250     0.8750
   342.5    -0.5     0.1250     0.8750
   342.5    -0.5     0.1250     0.8750
   342.5    -0.5     0.1250     0.8750
   342.5    -0.5     0.1250     0.8750
   342.5    -0.5     0.1250     0.8750
   342.5    -0.5     0.1250     0.8750
   342.5    -0.5     0.1250     0.8750
   342.5    -0.5     0.1250     0.8750
   342.5    -0.5     0.1250     0.8750
   342.5    -0.5     0.1250     0.8750
   342.5    -0.5     0.1250     0.8750
   342.5    -0.5     0.1250     0.8750
   342.5    -0.5     0.1250     0.8750
   342.5    -0.5     0.1250     0.8750
   342.5    -0.5     0.1250     0.8750
   342.5    -0.5     0.1250     0.8750
   342.5    -0.5     0.1250     0.8750
   342.5    -0.5     0.1250     0.8750
   342.5    -0.5     0.1250     0.8750
   342.5    -0.5     0.1250     0.8750
   342.5    -0.5     0.1250     0.8750
   342.5    -0.5     0.1250     0.8750
   342.5    -0.5     0.1250     0.8750
   342.5    -0.5     0.1250     0.8750
   342.5    -0.5     0.1250     0.8750
   342.5    -0.5     0.1250     0.8750
   342.5    -0.5     0.1250     0.8750
   342.5    -0.5     0.1250     0.8750
   342.5    -0.5     0.1250     0.8750
   342.5    -0.5     0.1250     0.8750
   342.5    -0.5     0.1250     0.8750
   342.5    -0.5     0.1250     0.8750
   342.5    -0.5     0.1250     0.8750
   342.5    -0.5     0.1250     0.8750
   342.5    -0.5     0.1250     0.8750
   342.5    -0.5     0.1250     0.8750
   342.5    -0.5     0.1250     0.8750
